1.2446289956569672 0.0 1.0 0.0
2.244628995656967 0.0 1.0 0.0
3.244628995656967 0.0 1.0 0.0
4.244628995656967 0.0 1.0 0.0
5.244628995656967 0.0 1.0 0.0
6.244628995656967 0.26181595257942253 0.044022499557652146 10.267534345625451
7.244628995656967 1.6837417396293528e-21 0.2736956190658515 40.05784526391901
8.244628995656967 2.3289340848315396e-29 0.326837743088328 64.93130874909616
9.244628995656967 1.9881596124420974e-37 0.3627774887474573 81.4172089660159
10.244628995656967 2.523593423917436e-10 0.19155144807366112 85.75560375994216
11.244628995656967 5.137239692948411e-05 0.1275450494639623 90.31091829356471
12.244628995656967 0.003139833993164829 0.09129568933219805 91.97396963123644
13.244628995656967 0.000940413697310741 0.10039106956732986 96.38467100506146
14.244628995656967 1.7306617044300801e-06 0.1286028068529686 97.0354302241504
15.244628995656967 0.21604867010317433 0.033265567481569634 95.15545914678236
16.244628995656967 0.24209729868069746 0.03145472713120858 96.60159074475777
17.244628995656967 0.12009332154545703 0.041797150166032415 97.75849602313811
18.244628995656967 1.0 0.0 97.39696312364426
19.244628995656967 1.0 0.0 98.40925524222705
20.244628995656967 1.0 0.0 99.20462762111352
21.244628995656967 1.0 0.0 99.78308026030369
22.244628995656967 1.0 0.0 99.92769342010124
23.244628995656967 1.0 0.0 100.0
24.244628995656967 1.0 0.0 100.0
25.244628995656967 1.0 0.0 100.0
26.244628995656967 1.0 0.0 100.0
27.244628995656967 1.0 0.0 100.0
28.244628995656967 1.0 0.0 100.0
29.244628995656967 1.0 0.0 100.0
30.244628995656967 1.0 0.0 100.0
31.244628995656967 1.0 0.0 100.0
32.24462899565697 1.0 0.0 100.0
33.24462899565697 1.0 0.0 100.0
34.24462899565697 1.0 0.0 100.0
35.24462899565697 1.0 0.0 100.0
36.24462899565697 1.0 0.0 100.0
37.24462899565697 1.0 0.0 100.0
38.24462899565697 1.0 0.0 100.0
39.24462899565697 1.0 0.0 100.0
