1489.6 1
1489.7539 1
1489.9078 0
1490.0617 1
1490.2156 0
1490.3695 0
1490.5233999999998 0
1490.6772999999998 0
1490.8311999999999 0
1490.9850999999999 1
1491.139 0
1491.2929 0
1491.4468 1
1491.6007 0
1491.7546 0
1491.9085 1
1492.0624 0
1492.2162999999998 0
1492.3701999999998 0
1492.5240999999999 2
1492.6779999999999 0
1492.8319 1
1492.9858 1
1493.1397 0
1493.2936 2
1493.4475 0
1493.6014 1
1493.7553 1
1493.9091999999998 2
1494.0630999999998 2
1494.2169999999999 4
1494.3709 2
1494.5248 1
1494.6787 4
1494.8326 0
1494.9865 2
1495.1404 1
1495.2943 2
1495.4482 1
1495.6020999999998 3
1495.7559999999999 2
1495.9098999999999 2
1496.0638 2
1496.2177 1
1496.3716 1
1496.5255 3
1496.6794 0
1496.8333 5
1496.9872 3
1497.1411 2
1497.295 2
1497.4488999999999 10
1497.6028 3
1497.7567 5
1497.9106 4
1498.0645 9
1498.2184 8
1498.3723 6
1498.5262 3
1498.6801 7
1498.834 3
1498.9879 10
1499.1417999999999 9
1499.2957 4
1499.4496 12
1499.6035 5
1499.7574 10
1499.9113 9
1500.0652 11
1500.2191 13
1500.373 13
1500.5269 6
1500.6808 14
1500.8346999999999 10
1500.9886 16
1501.1425 22
1501.2964 16
1501.4503 14
1501.6042 24
1501.7581 12
1501.912 18
1502.0659 15
1502.2198 16
1502.3737 14
1502.5276 22
1502.6815 22
1502.8354 21
1502.9893 27
1503.1432 29
1503.2971 27
1503.451 20
1503.6049 23
1503.7588 32
1503.9127 20
1504.0666 19
1504.2205 21
1504.3744 40
1504.5283 32
1504.6822 27
1504.8361 31
