1486.76 1
1486.9422 0
1487.1244 0
1487.3066 0
1487.4888 0
1487.671 0
1487.8532 0
1488.0354 0
1488.2176 0
1488.3998 0
1488.5819999999999 0
1488.7642 0
1488.9464 0
1489.1286 0
1489.3108 0
1489.493 0
1489.6752 1
1489.8574 0
1490.0396 0
1490.2218 0
1490.404 0
1490.5862 1
1490.7684 1
1490.9506 1
1491.1328 0
1491.315 2
1491.4972 0
1491.6794 1
1491.8616 0
1492.0438 1
1492.226 0
1492.4082 0
1492.5904 0
1492.7726 4
1492.9548 1
1493.137 0
1493.3192 2
1493.5014 1
1493.6836 0
1493.8658 1
1494.048 0
1494.2302 0
1494.4124 1
1494.5946 0
1494.7768 0
1494.959 1
1495.1412 4
1495.3234 2
1495.5056 2
1495.6878 4
1495.87 3
1496.0522 3
1496.2344 2
1496.4166 0
1496.5988 3
1496.781 4
1496.9632 3
1497.1454 3
1497.3276 6
1497.5098 5
1497.692 2
1497.8742 3
1498.0564 8
1498.2386 1
1498.4208 4
1498.603 6
1498.7852 4
1498.9674 6
1499.1496 9
1499.3318 8
1499.5140000000001 14
1499.6962 12
1499.8784 10
1500.0606 9
1500.2428 5
1500.425 9
1500.6072 10
1500.7894000000001 7
1500.9716 11
1501.1538 10
1501.336 7
1501.5182 11
1501.7004 12
1501.8826 12
1502.0648 16
1502.247 16
1502.4292 8
1502.6114 17
1502.7936 16
1502.9758 13
1503.158 26
1503.3402 18
1503.5224 15
1503.7046 20
1503.8868 21
1504.069 27
1504.2512 21
1504.4334000000001 23
1504.6156 30
1504.7978 17
