Model_index Run_id Replica_id Frame_id Total_Score Total_Score
0 0 0 39 1504.90 1504.90
1 0 0 45 1501.70 1501.70
2 0 0 74 1504.14 1504.14
3 0 0 111 1503.02 1503.02
4 0 0 194 1500.81 1500.81
5 0 0 213 1501.63 1501.63
6 0 0 217 1501.53 1501.53
7 0 0 224 1503.83 1503.83
8 0 0 269 1504.50 1504.50
9 0 0 272 1501.22 1501.22
10 0 1 184 1497.33 1497.33
11 0 1 185 1502.28 1502.28
12 0 1 253 1501.54 1501.54
13 0 1 257 1503.22 1503.22
14 0 1 274 1503.91 1503.91
15 0 1 276 1503.11 1503.11
16 0 1 280 1499.26 1499.26
17 0 1 281 1502.57 1502.57
18 0 1 282 1503.09 1503.09
19 0 1 285 1504.20 1504.20
20 0 1 286 1500.97 1500.97
21 0 1 300 1503.86 1503.86
22 0 1 304 1501.92 1501.92
23 0 1 313 1503.23 1503.23
24 0 1 320 1491.52 1491.52
25 0 1 321 1499.03 1499.03
26 0 1 344 1504.54 1504.54
27 0 1 374 1502.26 1502.26
28 0 1 404 1501.65 1501.65
29 0 1 413 1498.81 1498.81
30 0 1 503 1499.99 1499.99
31 0 1 505 1502.33 1502.33
32 0 1 526 1502.88 1502.88
33 0 1 563 1503.23 1503.23
34 0 1 608 1503.76 1503.76
35 0 1 666 1503.16 1503.16
36 0 1 687 1498.76 1498.76
37 0 1 721 1504.65 1504.65
38 0 1 723 1499.86 1499.86
39 0 1 727 1502.90 1502.90
40 0 2 25 1504.96 1504.96
41 0 2 173 1500.38 1500.38
42 0 2 176 1501.54 1501.54
43 0 2 185 1494.44 1494.44
44 0 2 213 1504.57 1504.57
45 0 2 264 1501.18 1501.18
46 0 2 301 1504.42 1504.42
47 0 2 332 1501.89 1501.89
48 0 2 336 1502.23 1502.23
49 0 2 339 1504.53 1504.53
50 0 2 391 1501.87 1501.87
51 0 2 429 1501.56 1501.56
52 0 2 444 1501.34 1501.34
53 0 2 445 1504.42 1504.42
54 0 2 465 1497.54 1497.54
55 0 2 477 1494.28 1494.28
56 0 2 506 1502.21 1502.21
57 0 2 529 1504.90 1504.90
58 0 2 542 1501.45 1501.45
59 0 2 543 1503.29 1503.29
60 0 2 571 1504.41 1504.41
61 0 2 576 1502.56 1502.56
62 0 2 579 1503.35 1503.35
63 0 2 691 1503.76 1503.76
64 0 2 724 1501.76 1501.76
65 0 2 730 1502.64 1502.64
66 0 2 732 1503.65 1503.65
67 0 2 741 1504.43 1504.43
68 0 2 743 1503.24 1503.24
69 0 2 745 1501.64 1501.64
70 0 2 747 1503.11 1503.11
71 0 2 751 1498.98 1498.98
72 0 2 766 1502.33 1502.33
73 0 2 810 1501.69 1501.69
74 0 2 834 1501.00 1501.00
75 0 2 835 1502.59 1502.59
76 0 2 838 1501.66 1501.66
77 0 2 856 1500.26 1500.26
78 0 3 25 1504.06 1504.06
79 0 3 59 1502.17 1502.17
80 0 3 116 1501.08 1501.08
81 0 3 184 1491.08 1491.08
82 0 3 195 1501.33 1501.33
83 0 3 196 1503.97 1503.97
84 0 3 283 1496.84 1496.84
85 0 3 294 1502.49 1502.49
86 0 3 296 1501.63 1501.63
87 0 3 318 1501.40 1501.40
88 0 3 408 1504.68 1504.68
89 0 3 414 1504.87 1504.87
90 0 3 466 1502.90 1502.90
91 0 4 119 1503.88 1503.88
92 0 4 150 1501.43 1501.43
93 0 4 244 1502.30 1502.30
94 0 4 245 1504.14 1504.14
95 0 4 327 1503.80 1503.80
96 0 4 329 1502.15 1502.15
97 0 4 360 1502.12 1502.12
98 0 4 366 1500.73 1500.73
99 0 4 387 1501.38 1501.38
100 0 4 545 1497.47 1497.47
101 0 4 548 1501.65 1501.65
102 0 4 603 1496.63 1496.63
103 0 4 647 1501.16 1501.16
104 0 4 695 1504.44 1504.44
105 0 4 697 1493.43 1493.43
106 0 4 726 1503.01 1503.01
107 0 5 68 1504.56 1504.56
108 0 5 116 1503.32 1503.32
109 0 5 190 1503.59 1503.59
110 0 5 191 1501.68 1501.68
111 0 5 192 1503.18 1503.18
112 0 5 193 1499.64 1499.64
113 0 5 194 1504.21 1504.21
114 0 5 254 1500.48 1500.48
115 0 5 284 1498.93 1498.93
116 0 5 322 1504.39 1504.39
117 0 5 343 1504.40 1504.40
118 0 5 348 1501.13 1501.13
119 0 5 404 1504.03 1504.03
120 0 5 430 1502.53 1502.53
121 0 5 431 1500.16 1500.16
122 0 5 466 1504.48 1504.48
123 0 5 474 1499.16 1499.16
124 0 5 475 1498.29 1498.29
125 0 5 491 1503.44 1503.44
126 0 5 497 1492.63 1492.63
127 0 5 498 1500.34 1500.34
128 0 5 499 1502.22 1502.22
129 0 5 529 1498.37 1498.37
130 0 5 570 1502.99 1502.99
131 0 5 602 1497.13 1497.13
132 0 5 637 1500.95 1500.95
133 0 5 641 1502.88 1502.88
134 0 5 669 1498.54 1498.54
135 0 5 670 1498.48 1498.48
136 0 5 671 1504.96 1504.96
137 0 5 682 1504.10 1504.10
138 0 5 683 1501.63 1501.63
139 0 5 696 1500.28 1500.28
140 0 5 697 1499.42 1499.42
141 0 5 702 1504.63 1504.63
142 0 5 704 1500.65 1500.65
143 0 5 712 1495.34 1495.34
144 0 5 716 1504.90 1504.90
145 0 5 727 1503.82 1503.82
146 0 5 728 1504.46 1504.46
147 0 5 731 1504.01 1504.01
148 0 5 747 1498.54 1498.54
149 0 5 748 1493.09 1493.09
150 0 5 765 1503.40 1503.40
151 0 5 766 1494.78 1494.78
152 0 5 771 1498.99 1498.99
153 0 5 772 1503.59 1503.59
154 0 5 773 1496.93 1496.93
155 0 5 774 1502.98 1502.98
156 0 5 780 1503.62 1503.62
157 0 5 781 1503.07 1503.07
158 0 5 782 1501.02 1501.02
159 0 5 783 1504.41 1504.41
160 0 5 799 1500.73 1500.73
161 0 5 802 1502.52 1502.52
162 0 5 817 1504.61 1504.61
163 0 5 827 1503.40 1503.40
164 0 5 828 1500.10 1500.10
165 0 5 830 1502.65 1502.65
166 0 5 831 1503.51 1503.51
167 0 5 838 1502.77 1502.77
168 0 5 854 1504.55 1504.55
169 0 5 859 1503.79 1503.79
170 0 5 864 1503.72 1503.72
171 0 5 871 1501.93 1501.93
172 0 5 876 1501.70 1501.70
173 0 5 892 1504.65 1504.65
174 0 5 901 1499.99 1499.99
175 0 5 915 1499.09 1499.09
176 0 5 916 1489.60 1489.60
177 0 5 927 1501.55 1501.55
178 0 5 941 1501.00 1501.00
179 0 5 942 1499.11 1499.11
180 0 5 959 1501.20 1501.20
181 0 5 975 1503.26 1503.26
182 0 5 976 1501.46 1501.46
183 0 5 993 1504.91 1504.91
184 0 5 1046 1499.56 1499.56
185 0 6 102 1500.04 1500.04
186 0 6 159 1496.02 1496.02
187 0 6 236 1504.02 1504.02
188 0 6 251 1501.97 1501.97
189 0 6 254 1503.77 1503.77
190 0 7 55 1503.81 1503.81
191 0 7 67 1499.10 1499.10
192 0 7 70 1501.23 1501.23
193 0 7 85 1503.80 1503.80
194 0 7 93 1504.41 1504.41
195 0 7 100 1504.30 1504.30
196 0 7 114 1504.39 1504.39
197 0 7 123 1492.58 1492.58
198 0 7 130 1503.74 1503.74
199 0 7 191 1502.88 1502.88
200 0 7 192 1502.07 1502.07
201 0 7 195 1495.88 1495.88
202 0 7 215 1503.28 1503.28
203 0 7 246 1502.32 1502.32
204 0 7 328 1502.37 1502.37
205 0 7 329 1502.47 1502.47
206 0 7 344 1503.79 1503.79
207 0 7 347 1499.47 1499.47
208 0 7 352 1504.45 1504.45
209 0 7 356 1497.69 1497.69
210 0 7 357 1503.33 1503.33
211 0 7 400 1504.44 1504.44
212 0 7 409 1502.09 1502.09
213 0 7 464 1503.87 1503.87
214 0 7 467 1499.61 1499.61
215 0 7 481 1499.56 1499.56
216 0 7 482 1498.46 1498.46
217 0 7 488 1502.69 1502.69
218 0 7 505 1500.90 1500.90
219 0 7 507 1500.35 1500.35
220 0 7 510 1499.20 1499.20
221 0 7 525 1504.84 1504.84
222 0 7 535 1503.60 1503.60
223 0 7 590 1503.26 1503.26
224 0 7 592 1497.78 1497.78
225 0 7 593 1501.15 1501.15
226 0 7 617 1504.55 1504.55
227 0 7 623 1503.65 1503.65
228 0 7 626 1499.32 1499.32
229 0 8 91 1503.00 1503.00
230 0 8 138 1495.70 1495.70
231 0 8 156 1499.61 1499.61
232 0 8 177 1502.73 1502.73
233 0 8 190 1500.38 1500.38
234 0 8 206 1497.03 1497.03
235 0 8 207 1494.72 1494.72
236 0 8 208 1497.11 1497.11
237 0 8 212 1504.42 1504.42
238 0 8 213 1502.91 1502.91
239 0 8 215 1502.96 1502.96
240 0 8 216 1503.88 1503.88
241 0 8 217 1503.35 1503.35
242 0 8 226 1500.74 1500.74
243 0 8 228 1496.53 1496.53
244 0 8 232 1503.45 1503.45
245 0 8 271 1499.47 1499.47
246 0 8 274 1501.71 1501.71
247 0 8 276 1500.70 1500.70
248 0 8 284 1502.77 1502.77
249 0 8 293 1503.23 1503.23
250 0 8 300 1502.75 1502.75
251 0 8 313 1498.46 1498.46
252 0 8 367 1502.40 1502.40
253 0 8 407 1499.48 1499.48
254 0 8 414 1504.97 1504.97
255 0 8 426 1502.58 1502.58
256 0 8 427 1502.63 1502.63
257 0 8 428 1501.98 1501.98
258 0 8 441 1503.29 1503.29
259 0 8 442 1502.65 1502.65
260 0 8 444 1500.69 1500.69
261 0 8 448 1502.88 1502.88
262 0 8 454 1504.71 1504.71
263 0 8 489 1504.63 1504.63
264 0 8 491 1500.47 1500.47
265 0 8 493 1500.69 1500.69
266 0 8 494 1501.79 1501.79
267 0 8 517 1503.37 1503.37
268 0 8 519 1499.24 1499.24
269 0 8 564 1500.18 1500.18
270 0 8 570 1501.49 1501.49
271 0 8 578 1502.05 1502.05
272 0 8 584 1504.46 1504.46
273 0 8 613 1501.81 1501.81
274 0 8 630 1501.27 1501.27
275 0 8 631 1501.72 1501.72
276 0 8 632 1498.14 1498.14
277 0 8 637 1503.68 1503.68
278 0 8 646 1503.76 1503.76
279 0 8 657 1504.41 1504.41
280 0 8 673 1504.38 1504.38
281 0 8 696 1504.58 1504.58
282 0 8 770 1500.36 1500.36
283 0 8 811 1502.90 1502.90
284 0 8 813 1501.07 1501.07
285 0 8 832 1498.33 1498.33
286 0 9 47 1502.51 1502.51
287 0 9 71 1502.80 1502.80
288 0 9 92 1504.41 1504.41
289 0 9 97 1502.32 1502.32
290 0 10 154 1495.06 1495.06
291 0 10 232 1500.73 1500.73
292 0 10 249 1502.12 1502.12
293 0 10 281 1504.26 1504.26
294 0 10 305 1502.29 1502.29
295 0 10 306 1504.30 1504.30
296 0 10 308 1503.04 1503.04
297 0 10 309 1504.73 1504.73
298 0 10 325 1501.68 1501.68
299 0 10 329 1500.79 1500.79
300 0 10 330 1503.63 1503.63
301 0 10 334 1498.21 1498.21
302 0 10 336 1504.00 1504.00
303 0 11 92 1501.95 1501.95
304 0 11 93 1498.76 1498.76
305 0 11 94 1503.18 1503.18
306 0 11 96 1501.94 1501.94
307 0 11 99 1501.57 1501.57
308 0 11 100 1495.29 1495.29
309 0 11 109 1503.78 1503.78
310 0 11 110 1498.24 1498.24
311 0 11 115 1497.74 1497.74
312 0 11 119 1494.33 1494.33
313 0 11 121 1504.79 1504.79
314 0 11 125 1497.68 1497.68
315 0 11 126 1502.57 1502.57
316 0 11 135 1496.63 1496.63
317 0 11 144 1503.37 1503.37
318 0 11 149 1500.04 1500.04
319 0 11 157 1501.87 1501.87
320 0 11 165 1498.29 1498.29
321 0 11 168 1497.49 1497.49
322 0 11 172 1494.45 1494.45
323 0 11 173 1499.97 1499.97
324 0 11 188 1504.87 1504.87
325 0 11 190 1502.76 1502.76
326 0 11 195 1502.69 1502.69
327 0 11 244 1503.54 1503.54
328 0 11 259 1502.45 1502.45
329 0 11 261 1502.09 1502.09
330 0 11 264 1504.43 1504.43
331 0 11 296 1500.70 1500.70
332 0 11 307 1499.82 1499.82
333 0 11 332 1504.41 1504.41
334 0 11 354 1503.44 1503.44
335 0 11 364 1502.94 1502.94
336 0 11 386 1503.51 1503.51
337 0 11 451 1503.41 1503.41
338 0 11 459 1504.84 1504.84
339 0 12 32 1504.71 1504.71
340 0 13 85 1503.09 1503.09
341 0 13 158 1504.82 1504.82
342 0 14 25 1500.56 1500.56
343 0 14 38 1503.76 1503.76
344 0 14 71 1504.41 1504.41
345 0 14 104 1503.31 1503.31
346 0 14 106 1500.50 1500.50
347 0 14 122 1500.50 1500.50
348 0 14 154 1500.50 1500.50
349 0 14 175 1494.23 1494.23
350 0 14 194 1501.38 1501.38
351 0 14 206 1495.87 1495.87
352 0 14 211 1500.29 1500.29
353 0 14 263 1502.32 1502.32
354 0 14 281 1503.56 1503.56
355 0 14 295 1504.74 1504.74
356 0 14 328 1503.74 1503.74
357 0 14 344 1504.72 1504.72
358 0 14 353 1500.89 1500.89
359 0 14 389 1503.98 1503.98
360 0 14 409 1504.20 1504.20
361 0 14 449 1504.55 1504.55
362 0 14 450 1499.44 1499.44
363 0 14 454 1504.44 1504.44
364 0 14 507 1500.18 1500.18
365 0 16 41 1500.94 1500.94
366 0 16 51 1504.27 1504.27
367 0 16 75 1502.85 1502.85
368 0 16 83 1503.30 1503.30
369 0 16 94 1503.30 1503.30
370 0 16 109 1504.05 1504.05
371 0 16 137 1504.28 1504.28
372 0 16 159 1499.24 1499.24
373 0 16 229 1502.10 1502.10
374 0 17 79 1497.32 1497.32
375 0 17 90 1504.02 1504.02
376 0 17 134 1503.71 1503.71
377 0 17 154 1504.26 1504.26
378 0 17 168 1503.60 1503.60
379 0 17 170 1502.79 1502.79
380 0 17 180 1501.74 1501.74
381 0 17 183 1502.02 1502.02
382 0 17 196 1491.91 1491.91
383 0 17 200 1502.77 1502.77
384 0 17 206 1501.80 1501.80
385 0 17 207 1504.84 1504.84
386 0 17 209 1503.83 1503.83
387 0 17 214 1493.39 1493.39
388 0 17 224 1504.75 1504.75
389 0 17 233 1500.28 1500.28
390 0 17 235 1502.07 1502.07
391 0 17 293 1503.48 1503.48
392 0 17 295 1501.75 1501.75
393 0 17 297 1503.06 1503.06
394 0 17 305 1498.54 1498.54
395 0 17 309 1504.71 1504.71
396 0 17 315 1504.55 1504.55
397 0 17 322 1504.66 1504.66
398 0 17 323 1503.46 1503.46
399 0 17 389 1501.20 1501.20
400 0 17 501 1497.20 1497.20
401 0 17 503 1502.52 1502.52
402 0 17 519 1503.76 1503.76
403 0 17 520 1494.08 1494.08
404 0 18 118 1504.65 1504.65
405 0 18 156 1501.31 1501.31
406 0 18 157 1504.22 1504.22
407 0 18 169 1502.42 1502.42
408 0 18 177 1499.28 1499.28
409 0 18 189 1503.28 1503.28
410 0 18 190 1504.07 1504.07
411 0 18 201 1501.13 1501.13
412 0 18 202 1501.97 1501.97
413 0 18 217 1497.51 1497.51
414 0 18 222 1503.35 1503.35
415 0 18 252 1499.88 1499.88
416 0 18 279 1503.02 1503.02
417 0 18 306 1502.74 1502.74
418 0 18 325 1501.66 1501.66
419 0 18 369 1502.43 1502.43
420 0 18 370 1501.42 1501.42
421 0 18 372 1503.22 1503.22
422 0 18 373 1503.39 1503.39
423 0 18 374 1504.69 1504.69
424 0 18 381 1504.21 1504.21
425 0 18 386 1504.20 1504.20
426 0 18 387 1500.81 1500.81
427 0 18 394 1500.11 1500.11
428 0 18 403 1502.41 1502.41
429 0 18 410 1501.04 1501.04
430 0 18 423 1504.34 1504.34
431 0 18 465 1499.29 1499.29
432 0 18 485 1501.19 1501.19
433 0 18 497 1504.65 1504.65
434 0 18 500 1501.81 1501.81
435 0 18 505 1504.50 1504.50
436 0 18 506 1502.77 1502.77
437 0 18 518 1503.60 1503.60
438 0 18 525 1502.96 1502.96
439 0 18 529 1504.69 1504.69
440 0 18 538 1504.79 1504.79
441 0 18 558 1499.91 1499.91
442 0 19 39 1497.17 1497.17
443 0 19 47 1503.87 1503.87
444 0 19 93 1504.38 1504.38
445 0 19 95 1504.44 1504.44
446 0 19 128 1503.90 1503.90
447 0 19 202 1495.44 1495.44
448 0 19 203 1500.16 1500.16
449 0 19 206 1503.74 1503.74
450 1 0 129 1503.68 1503.68
451 1 0 164 1504.76 1504.76
452 1 0 189 1502.63 1502.63
453 1 0 201 1503.12 1503.12
454 1 0 245 1501.37 1501.37
455 1 0 267 1504.25 1504.25
456 1 0 268 1501.48 1501.48
457 1 1 65 1500.33 1500.33
458 1 1 133 1501.17 1501.17
459 1 1 134 1497.54 1497.54
460 1 1 152 1504.55 1504.55
461 1 1 246 1500.23 1500.23
462 1 2 82 1502.66 1502.66
463 1 2 98 1500.36 1500.36
464 1 2 100 1504.29 1504.29
465 1 2 101 1504.95 1504.95
466 1 2 102 1493.97 1493.97
467 1 2 129 1504.19 1504.19
468 1 2 134 1504.25 1504.25
469 1 2 135 1503.15 1503.15
470 1 2 217 1503.48 1503.48
471 1 2 253 1504.00 1504.00
472 1 2 318 1503.47 1503.47
473 1 2 336 1499.98 1499.98
474 1 2 375 1494.27 1494.27
475 1 2 376 1502.81 1502.81
476 1 2 440 1498.16 1498.16
477 1 2 468 1501.58 1501.58
478 1 2 531 1504.33 1504.33
479 1 2 533 1500.97 1500.97
480 1 2 534 1504.77 1504.77
481 1 2 535 1503.91 1503.91
482 1 2 536 1503.02 1503.02
483 1 2 568 1502.81 1502.81
484 1 2 570 1501.27 1501.27
485 1 2 571 1498.21 1498.21
486 1 2 647 1503.78 1503.78
487 1 2 671 1499.56 1499.56
488 1 2 760 1499.49 1499.49
489 1 2 816 1503.08 1503.08
490 1 2 819 1501.27 1501.27
491 1 2 821 1503.84 1503.84
492 1 2 861 1503.03 1503.03
493 1 2 874 1504.90 1504.90
494 1 2 875 1502.15 1502.15
495 1 2 879 1499.06 1499.06
496 1 2 894 1501.03 1501.03
497 1 2 931 1500.07 1500.07
498 1 2 945 1501.53 1501.53
499 1 2 947 1503.82 1503.82
500 1 2 959 1504.31 1504.31
501 1 2 976 1502.44 1502.44
502 1 2 1003 1499.56 1499.56
503 1 2 1022 1502.93 1502.93
504 1 2 1060 1503.58 1503.58
505 1 3 188 1502.50 1502.50
506 1 3 222 1502.61 1502.61
507 1 3 224 1501.90 1501.90
508 1 3 257 1495.96 1495.96
509 1 3 259 1503.57 1503.57
510 1 3 264 1503.25 1503.25
511 1 3 271 1504.59 1504.59
512 1 3 284 1498.06 1498.06
513 1 3 293 1502.73 1502.73
514 1 3 298 1502.83 1502.83
515 1 3 299 1498.50 1498.50
516 1 3 300 1501.86 1501.86
517 1 3 301 1501.84 1501.84
518 1 3 307 1504.74 1504.74
519 1 3 322 1502.55 1502.55
520 1 3 367 1504.84 1504.84
521 1 4 38 1499.13 1499.13
522 1 4 129 1502.74 1502.74
523 1 5 29 1504.89 1504.89
524 1 5 45 1504.25 1504.25
525 1 5 105 1501.17 1501.17
526 1 5 107 1504.20 1504.20
527 1 5 260 1499.09 1499.09
528 1 5 264 1500.52 1500.52
529 1 5 308 1504.65 1504.65
530 1 5 328 1501.15 1501.15
531 1 5 338 1503.21 1503.21
532 1 5 435 1504.31 1504.31
533 1 5 437 1497.88 1497.88
534 1 6 39 1503.73 1503.73
535 1 6 165 1504.05 1504.05
536 1 6 208 1503.56 1503.56
537 1 6 225 1500.32 1500.32
538 1 6 242 1504.47 1504.47
539 1 6 262 1500.91 1500.91
540 1 6 263 1501.60 1501.60
541 1 6 275 1503.45 1503.45
542 1 6 277 1502.29 1502.29
543 1 6 336 1501.40 1501.40
544 1 6 341 1501.34 1501.34
545 1 6 342 1500.88 1500.88
546 1 6 384 1502.31 1502.31
547 1 7 42 1502.63 1502.63
548 1 7 64 1490.18 1490.18
549 1 7 66 1502.57 1502.57
550 1 7 67 1499.04 1499.04
551 1 7 91 1501.31 1501.31
552 1 7 94 1497.88 1497.88
553 1 7 97 1501.22 1501.22
554 1 7 102 1501.05 1501.05
555 1 7 103 1503.28 1503.28
556 1 7 112 1503.55 1503.55
557 1 7 126 1503.30 1503.30
558 1 7 131 1504.00 1504.00
559 1 7 137 1503.90 1503.90
560 1 7 143 1502.56 1502.56
561 1 7 192 1498.70 1498.70
562 1 7 193 1498.28 1498.28
563 1 7 217 1504.56 1504.56
564 1 7 223 1499.54 1499.54
565 1 7 224 1502.81 1502.81
566 1 7 225 1501.11 1501.11
567 1 7 263 1504.87 1504.87
568 1 7 267 1501.87 1501.87
569 1 7 279 1496.34 1496.34
570 1 7 284 1503.09 1503.09
571 1 7 322 1500.52 1500.52
572 1 7 338 1489.78 1489.78
573 1 7 339 1499.88 1499.88
574 1 7 394 1504.52 1504.52
575 1 7 401 1500.63 1500.63
576 1 7 403 1497.78 1497.78
577 1 7 405 1504.05 1504.05
578 1 7 406 1497.51 1497.51
579 1 7 440 1504.32 1504.32
580 1 7 444 1498.15 1498.15
581 1 7 445 1503.95 1503.95
582 1 7 484 1496.91 1496.91
583 1 7 507 1503.41 1503.41
584 1 7 509 1498.07 1498.07
585 1 7 519 1504.38 1504.38
586 1 7 546 1504.33 1504.33
587 1 7 576 1502.95 1502.95
588 1 7 634 1499.84 1499.84
589 1 7 658 1504.47 1504.47
590 1 7 659 1501.97 1501.97
591 1 7 674 1504.85 1504.85
592 1 7 732 1503.81 1503.81
593 1 7 741 1502.87 1502.87
594 1 7 742 1503.39 1503.39
595 1 7 748 1498.23 1498.23
596 1 7 749 1504.04 1504.04
597 1 7 757 1499.27 1499.27
598 1 7 759 1503.72 1503.72
599 1 7 761 1500.18 1500.18
600 1 7 784 1504.86 1504.86
601 1 7 798 1504.89 1504.89
602 1 7 801 1496.17 1496.17
603 1 7 831 1502.53 1502.53
604 1 7 832 1501.93 1501.93
605 1 7 836 1504.75 1504.75
606 1 7 852 1503.64 1503.64
607 1 7 909 1503.40 1503.40
608 1 7 915 1503.33 1503.33
609 1 7 918 1503.17 1503.17
610 1 7 944 1499.10 1499.10
611 1 7 954 1501.94 1501.94
612 1 7 964 1504.37 1504.37
613 1 7 985 1500.51 1500.51
614 1 7 989 1503.77 1503.77
615 1 7 991 1499.50 1499.50
616 1 7 1007 1499.84 1499.84
617 1 7 1093 1504.65 1504.65
618 1 7 1094 1497.52 1497.52
619 1 7 1095 1499.91 1499.91
620 1 7 1098 1500.49 1500.49
621 1 7 1104 1502.61 1502.61
622 1 7 1109 1500.04 1500.04
623 1 7 1129 1495.65 1495.65
624 1 7 1130 1501.95 1501.95
625 1 7 1131 1503.72 1503.72
626 1 7 1133 1501.57 1501.57
627 1 7 1136 1502.87 1502.87
628 1 7 1137 1498.26 1498.26
629 1 7 1138 1497.47 1497.47
630 1 7 1142 1501.75 1501.75
631 1 7 1146 1499.30 1499.30
632 1 7 1150 1496.90 1496.90
633 1 7 1193 1501.60 1501.60
634 1 7 1203 1504.99 1504.99
635 1 7 1234 1502.80 1502.80
636 1 7 1236 1504.03 1504.03
637 1 7 1240 1502.02 1502.02
638 1 7 1245 1501.03 1501.03
639 1 7 1283 1504.56 1504.56
640 1 7 1351 1498.41 1498.41
641 1 7 1363 1504.48 1504.48
642 1 7 1379 1499.58 1499.58
643 1 8 202 1504.86 1504.86
644 1 9 171 1504.11 1504.11
645 1 9 188 1504.86 1504.86
646 1 9 202 1502.37 1502.37
647 1 9 246 1504.74 1504.74
648 1 9 252 1504.80 1504.80
649 1 9 264 1501.94 1501.94
650 1 9 265 1500.66 1500.66
651 1 9 272 1493.77 1493.77
652 1 9 323 1498.01 1498.01
653 1 9 325 1503.72 1503.72
654 1 9 342 1504.76 1504.76
655 1 9 368 1499.89 1499.89
656 1 9 434 1503.20 1503.20
657 1 10 109 1504.72 1504.72
658 1 10 239 1502.73 1502.73
659 1 10 269 1503.13 1503.13
660 1 10 294 1503.56 1503.56
661 1 10 297 1504.62 1504.62
662 1 10 301 1503.22 1503.22
663 1 10 325 1504.40 1504.40
664 1 10 327 1504.99 1504.99
665 1 10 487 1504.06 1504.06
666 1 12 85 1503.27 1503.27
667 1 12 97 1500.53 1500.53
668 1 12 99 1502.03 1502.03
669 1 12 103 1502.56 1502.56
670 1 12 115 1500.74 1500.74
671 1 12 166 1502.99 1502.99
672 1 12 167 1503.80 1503.80
673 1 12 182 1504.74 1504.74
674 1 12 287 1504.83 1504.83
675 1 12 288 1504.92 1504.92
676 1 12 300 1501.23 1501.23
677 1 12 318 1504.60 1504.60
678 1 12 342 1500.19 1500.19
679 1 12 394 1502.14 1502.14
680 1 12 429 1503.27 1503.27
681 1 12 444 1504.50 1504.50
682 1 12 447 1504.35 1504.35
683 1 12 450 1504.59 1504.59
684 1 12 451 1495.71 1495.71
685 1 12 457 1503.34 1503.34
686 1 12 459 1504.59 1504.59
687 1 12 461 1499.17 1499.17
688 1 12 462 1498.80 1498.80
689 1 13 146 1499.73 1499.73
690 1 13 187 1504.65 1504.65
691 1 13 278 1501.33 1501.33
692 1 13 507 1501.96 1501.96
693 1 13 511 1501.44 1501.44
694 1 13 681 1504.82 1504.82
695 1 15 134 1504.48 1504.48
696 1 15 142 1499.78 1499.78
697 1 15 146 1500.68 1500.68
698 1 15 151 1503.16 1503.16
699 1 15 163 1504.71 1504.71
700 1 15 168 1503.65 1503.65
701 1 15 215 1503.66 1503.66
702 1 15 222 1502.20 1502.20
703 1 15 234 1498.07 1498.07
704 1 15 278 1504.32 1504.32
705 1 15 281 1503.63 1503.63
706 1 15 283 1502.67 1502.67
707 1 15 315 1502.70 1502.70
708 1 15 318 1503.74 1503.74
709 1 15 320 1504.48 1504.48
710 1 16 248 1504.27 1504.27
711 1 16 261 1497.55 1497.55
712 1 16 262 1502.22 1502.22
713 1 16 290 1501.37 1501.37
714 1 16 295 1503.70 1503.70
715 1 16 324 1503.99 1503.99
716 1 16 331 1504.93 1504.93
717 1 16 332 1504.50 1504.50
718 1 16 352 1500.91 1500.91
719 1 16 370 1498.20 1498.20
720 1 16 371 1500.17 1500.17
721 1 16 372 1504.04 1504.04
722 1 16 379 1504.70 1504.70
723 1 16 397 1501.72 1501.72
724 1 16 413 1502.92 1502.92
725 1 16 414 1495.11 1495.11
726 1 16 420 1501.69 1501.69
727 1 16 429 1502.79 1502.79
728 1 16 443 1503.35 1503.35
729 1 16 445 1500.70 1500.70
730 1 16 490 1504.39 1504.39
731 1 16 511 1504.52 1504.52
732 1 16 528 1503.86 1503.86
733 1 16 529 1504.33 1504.33
734 1 16 577 1500.49 1500.49
735 1 16 578 1494.60 1494.60
736 1 16 581 1502.59 1502.59
737 1 16 584 1497.84 1497.84
738 1 16 603 1504.14 1504.14
739 1 16 604 1494.04 1494.04
740 1 16 605 1501.22 1501.22
741 1 16 614 1497.46 1497.46
742 1 16 618 1496.45 1496.45
743 1 16 627 1504.95 1504.95
744 1 16 631 1496.20 1496.20
745 1 16 632 1503.01 1503.01
746 1 16 637 1498.95 1498.95
747 1 16 638 1498.16 1498.16
748 1 16 639 1503.97 1503.97
749 1 16 650 1503.56 1503.56
750 1 16 687 1503.43 1503.43
751 1 17 94 1504.14 1504.14
752 1 17 152 1504.84 1504.84
753 1 17 157 1504.78 1504.78
754 1 17 194 1501.27 1501.27
755 1 17 248 1503.50 1503.50
756 1 17 256 1501.28 1501.28
757 1 17 300 1503.41 1503.41
758 1 17 304 1500.28 1500.28
759 1 17 331 1503.64 1503.64
760 1 17 391 1503.05 1503.05
761 1 17 491 1501.29 1501.29
762 1 17 516 1502.38 1502.38
763 1 17 528 1504.11 1504.11
764 1 17 544 1503.03 1503.03
765 1 17 545 1501.72 1501.72
766 1 17 562 1500.99 1500.99
767 1 17 567 1498.06 1498.06
768 1 17 568 1504.18 1504.18
769 1 17 606 1501.70 1501.70
770 1 17 610 1501.69 1501.69
771 1 17 632 1504.09 1504.09
772 1 17 638 1503.28 1503.28
773 1 17 653 1499.50 1499.50
774 1 17 656 1494.80 1494.80
775 1 17 658 1501.98 1501.98
776 1 17 664 1494.15 1494.15
777 1 17 665 1499.72 1499.72
778 1 17 682 1501.67 1501.67
779 1 17 683 1503.13 1503.13
780 1 17 695 1492.84 1492.84
781 1 17 697 1503.06 1503.06
782 1 17 712 1503.24 1503.24
783 1 17 720 1500.49 1500.49
784 1 17 730 1504.61 1504.61
785 1 17 732 1502.84 1502.84
786 1 17 737 1494.73 1494.73
787 1 17 739 1501.08 1501.08
788 1 17 741 1495.49 1495.49
789 1 17 743 1500.72 1500.72
790 1 17 745 1500.12 1500.12
791 1 17 749 1503.90 1503.90
792 1 17 765 1498.71 1498.71
793 1 17 774 1504.63 1504.63
794 1 17 781 1503.19 1503.19
795 1 17 808 1500.91 1500.91
796 1 17 812 1503.10 1503.10
797 1 17 815 1499.96 1499.96
798 1 17 820 1500.23 1500.23
799 1 17 825 1502.52 1502.52
800 1 17 827 1504.21 1504.21
801 1 17 828 1504.92 1504.92
802 1 17 838 1501.14 1501.14
803 1 17 839 1498.77 1498.77
804 1 17 840 1503.64 1503.64
805 1 17 841 1504.89 1504.89
806 1 17 842 1496.86 1496.86
807 1 17 843 1501.23 1501.23
808 1 17 845 1502.10 1502.10
809 1 17 851 1493.67 1493.67
810 1 17 853 1501.28 1501.28
811 1 17 865 1504.76 1504.76
812 1 17 878 1498.39 1498.39
813 1 17 881 1503.22 1503.22
814 1 17 882 1502.14 1502.14
815 1 17 883 1504.39 1504.39
816 1 17 885 1498.04 1498.04
817 1 17 891 1500.04 1500.04
818 1 17 894 1504.98 1504.98
819 1 18 145 1503.10 1503.10
820 1 18 154 1502.91 1502.91
821 1 18 251 1504.58 1504.58
822 1 18 256 1502.98 1502.98
823 1 18 362 1503.03 1503.03
824 1 18 364 1501.05 1501.05
825 2 0 91 1502.15 1502.15
826 2 0 158 1501.55 1501.55
827 2 0 169 1503.55 1503.55
828 2 0 172 1497.38 1497.38
829 2 0 174 1504.69 1504.69
830 2 0 196 1502.97 1502.97
831 2 0 239 1499.39 1499.39
832 2 0 306 1504.80 1504.80
833 2 0 308 1504.00 1504.00
834 2 0 312 1499.67 1499.67
835 2 0 313 1499.79 1499.79
836 2 0 319 1501.45 1501.45
837 2 0 320 1502.10 1502.10
838 2 0 346 1501.92 1501.92
839 2 0 356 1501.79 1501.79
840 2 0 362 1503.51 1503.51
841 2 0 367 1499.12 1499.12
842 2 0 392 1492.09 1492.09
843 2 0 396 1495.76 1495.76
844 2 0 404 1503.95 1503.95
845 2 0 407 1502.50 1502.50
846 2 0 411 1501.99 1501.99
847 2 0 412 1501.16 1501.16
848 2 0 415 1501.07 1501.07
849 2 0 430 1502.95 1502.95
850 2 0 431 1496.07 1496.07
851 2 0 432 1501.74 1501.74
852 2 0 449 1499.80 1499.80
853 2 0 481 1501.86 1501.86
854 2 0 484 1500.77 1500.77
855 2 0 492 1502.27 1502.27
856 2 0 503 1498.70 1498.70
857 2 0 509 1503.85 1503.85
858 2 0 578 1503.80 1503.80
859 2 0 591 1504.89 1504.89
860 2 0 623 1504.09 1504.09
861 2 0 627 1499.25 1499.25
862 2 0 641 1504.77 1504.77
863 2 0 662 1504.74 1504.74
864 2 0 671 1503.21 1503.21
865 2 0 676 1496.05 1496.05
866 2 0 700 1503.03 1503.03
867 2 0 705 1503.69 1503.69
868 2 0 738 1500.58 1500.58
869 2 0 744 1503.03 1503.03
870 2 0 754 1504.26 1504.26
871 2 0 789 1500.13 1500.13
872 2 0 791 1504.23 1504.23
873 2 0 826 1502.61 1502.61
874 2 0 831 1504.30 1504.30
875 2 0 849 1504.90 1504.90
876 2 0 872 1503.64 1503.64
877 2 0 874 1504.12 1504.12
878 2 0 875 1500.06 1500.06
879 2 0 886 1500.89 1500.89
880 2 0 894 1500.47 1500.47
881 2 0 900 1502.97 1502.97
882 2 0 908 1503.49 1503.49
883 2 0 924 1501.18 1501.18
884 2 0 931 1504.46 1504.46
885 2 0 933 1495.54 1495.54
886 2 0 939 1500.69 1500.69
887 2 0 943 1503.20 1503.20
888 2 0 945 1501.73 1501.73
889 2 0 954 1503.51 1503.51
890 2 0 964 1500.53 1500.53
891 2 0 970 1504.66 1504.66
892 2 0 990 1503.39 1503.39
893 2 0 1015 1504.55 1504.55
894 2 2 71 1504.19 1504.19
895 2 2 109 1503.71 1503.71
896 2 3 94 1501.59 1501.59
897 2 3 99 1503.34 1503.34
898 2 3 109 1503.65 1503.65
899 2 3 131 1493.33 1493.33
900 2 3 132 1501.81 1501.81
901 2 3 134 1499.30 1499.30
902 2 3 135 1493.64 1493.64
903 2 3 137 1504.69 1504.69
904 2 3 139 1500.83 1500.83
905 2 3 161 1497.38 1497.38
906 2 3 248 1504.50 1504.50
907 2 3 281 1502.81 1502.81
908 2 3 286 1503.90 1503.90
909 2 3 301 1500.70 1500.70
910 2 3 303 1503.05 1503.05
911 2 3 306 1502.50 1502.50
912 2 3 365 1500.89 1500.89
913 2 3 366 1496.83 1496.83
914 2 3 370 1502.05 1502.05
915 2 3 372 1490.66 1490.66
916 2 3 375 1501.34 1501.34
917 2 3 376 1498.36 1498.36
918 2 3 379 1503.91 1503.91
919 2 3 415 1499.85 1499.85
920 2 3 417 1502.22 1502.22
921 2 3 423 1499.34 1499.34
922 2 3 427 1502.74 1502.74
923 2 3 431 1503.29 1503.29
924 2 3 436 1501.11 1501.11
925 2 3 444 1503.77 1503.77
926 2 3 446 1496.85 1496.85
927 2 3 448 1499.99 1499.99
928 2 3 466 1501.78 1501.78
929 2 3 487 1504.45 1504.45
930 2 3 506 1504.18 1504.18
931 2 3 507 1497.50 1497.50
932 2 3 516 1501.98 1501.98
933 2 3 522 1504.24 1504.24
934 2 3 559 1503.68 1503.68
935 2 3 585 1503.46 1503.46
936 2 3 591 1503.40 1503.40
937 2 3 594 1504.29 1504.29
938 2 3 595 1504.79 1504.79
939 2 3 599 1503.41 1503.41
940 2 3 665 1504.82 1504.82
941 2 3 666 1498.90 1498.90
942 2 3 681 1502.18 1502.18
943 2 3 690 1502.83 1502.83
944 2 3 744 1504.17 1504.17
945 2 3 746 1504.32 1504.32
946 2 3 747 1497.06 1497.06
947 2 3 759 1503.32 1503.32
948 2 3 760 1504.19 1504.19
949 2 3 777 1504.13 1504.13
950 2 3 778 1502.11 1502.11
951 2 3 779 1503.32 1503.32
952 2 3 801 1504.55 1504.55
953 2 3 806 1495.30 1495.30
954 2 3 810 1501.85 1501.85
955 2 3 856 1502.42 1502.42
956 2 3 893 1504.54 1504.54
957 2 3 896 1501.89 1501.89
958 2 4 117 1502.21 1502.21
959 2 4 206 1504.17 1504.17
960 2 4 218 1503.82 1503.82
961 2 4 221 1504.11 1504.11
962 2 4 223 1500.46 1500.46
963 2 4 232 1496.95 1496.95
964 2 4 243 1491.44 1491.44
965 2 4 300 1503.59 1503.59
966 2 4 301 1503.21 1503.21
967 2 4 302 1503.83 1503.83
968 2 4 345 1504.48 1504.48
969 2 4 349 1501.74 1501.74
970 2 4 449 1499.38 1499.38
971 2 4 472 1501.43 1501.43
972 2 4 484 1504.50 1504.50
973 2 4 516 1504.71 1504.71
974 2 4 529 1499.74 1499.74
975 2 4 533 1504.69 1504.69
976 2 4 540 1499.53 1499.53
977 2 4 546 1503.70 1503.70
978 2 4 549 1502.35 1502.35
979 2 4 556 1501.41 1501.41
980 2 4 559 1503.78 1503.78
981 2 4 561 1504.98 1504.98
982 2 4 564 1500.00 1500.00
983 2 4 565 1502.18 1502.18
984 2 4 566 1495.88 1495.88
985 2 4 570 1500.44 1500.44
986 2 4 602 1502.31 1502.31
987 2 4 613 1503.19 1503.19
988 2 4 625 1498.43 1498.43
989 2 4 660 1502.20 1502.20
990 2 4 671 1502.77 1502.77
991 2 4 672 1498.90 1498.90
992 2 4 673 1495.13 1495.13
993 2 4 677 1501.72 1501.72
994 2 4 679 1500.44 1500.44
995 2 4 690 1504.77 1504.77
996 2 4 692 1492.78 1492.78
997 2 4 695 1499.76 1499.76
998 2 4 709 1500.42 1500.42
999 2 4 722 1503.53 1503.53
1000 2 4 742 1499.98 1499.98
1001 2 4 754 1502.20 1502.20
1002 2 4 755 1501.33 1501.33
1003 2 5 204 1504.37 1504.37
1004 2 5 209 1501.13 1501.13
1005 2 5 231 1503.73 1503.73
1006 2 5 243 1503.07 1503.07
1007 2 5 266 1504.61 1504.61
1008 2 5 267 1502.35 1502.35
1009 2 5 279 1503.32 1503.32
1010 2 5 283 1503.53 1503.53
1011 2 5 348 1503.24 1503.24
1012 2 5 365 1504.69 1504.69
1013 2 6 67 1503.47 1503.47
1014 2 6 75 1502.73 1502.73
1015 2 6 99 1494.45 1494.45
1016 2 6 117 1502.97 1502.97
1017 2 6 135 1498.14 1498.14
1018 2 6 146 1504.38 1504.38
1019 2 6 147 1504.51 1504.51
1020 2 6 156 1502.39 1502.39
1021 2 6 162 1502.07 1502.07
1022 2 6 253 1499.24 1499.24
1023 2 6 293 1503.44 1503.44
1024 2 6 327 1504.56 1504.56
1025 2 6 329 1503.43 1503.43
1026 2 6 334 1503.79 1503.79
1027 2 6 361 1504.74 1504.74
1028 2 6 364 1503.57 1503.57
1029 2 6 427 1504.56 1504.56
1030 2 6 431 1500.33 1500.33
1031 2 6 435 1501.68 1501.68
1032 2 6 449 1503.36 1503.36
1033 2 6 477 1503.83 1503.83
1034 2 6 479 1498.62 1498.62
1035 2 6 504 1504.13 1504.13
1036 2 6 505 1504.45 1504.45
1037 2 6 548 1503.96 1503.96
1038 2 6 626 1498.68 1498.68
1039 2 6 641 1500.72 1500.72
1040 2 6 642 1503.68 1503.68
1041 2 6 684 1503.13 1503.13
1042 2 6 691 1503.69 1503.69
1043 2 6 717 1501.89 1501.89
1044 2 6 718 1504.07 1504.07
1045 2 6 740 1499.27 1499.27
1046 2 6 741 1499.88 1499.88
1047 2 6 742 1504.76 1504.76
1048 2 6 749 1503.27 1503.27
1049 2 6 772 1500.99 1500.99
1050 2 6 794 1500.00 1500.00
1051 2 7 77 1500.74 1500.74
1052 2 7 201 1504.37 1504.37
1053 2 7 250 1504.42 1504.42
1054 2 7 258 1501.13 1501.13
1055 2 7 326 1503.16 1503.16
1056 2 7 391 1502.75 1502.75
1057 2 7 396 1502.76 1502.76
1058 2 7 498 1503.81 1503.81
1059 2 7 519 1499.69 1499.69
1060 2 7 554 1504.90 1504.90
1061 2 7 562 1499.84 1499.84
1062 2 7 582 1496.62 1496.62
1063 2 7 598 1503.38 1503.38
1064 2 7 602 1497.87 1497.87
1065 2 7 603 1502.35 1502.35
1066 2 7 604 1502.78 1502.78
1067 2 8 67 1504.65 1504.65
1068 2 8 92 1502.71 1502.71
1069 2 8 101 1498.23 1498.23
1070 2 8 120 1501.70 1501.70
1071 2 8 124 1499.67 1499.67
1072 2 8 130 1503.24 1503.24
1073 2 8 136 1504.80 1504.80
1074 2 8 140 1503.03 1503.03
1075 2 8 154 1497.57 1497.57
1076 2 8 158 1503.68 1503.68
1077 2 8 164 1501.29 1501.29
1078 2 8 173 1502.44 1502.44
1079 2 8 174 1503.70 1503.70
1080 2 8 180 1503.32 1503.32
1081 2 8 188 1502.31 1502.31
1082 2 8 190 1502.05 1502.05
1083 2 8 195 1500.99 1500.99
1084 2 8 197 1499.70 1499.70
1085 2 8 217 1504.72 1504.72
1086 2 8 231 1501.61 1501.61
1087 2 8 240 1495.25 1495.25
1088 2 8 266 1501.50 1501.50
1089 2 8 273 1500.50 1500.50
1090 2 8 274 1491.74 1491.74
1091 2 8 302 1504.04 1504.04
1092 2 8 320 1504.22 1504.22
1093 2 8 321 1498.94 1498.94
1094 2 8 353 1501.32 1501.32
1095 2 8 360 1501.07 1501.07
1096 2 8 361 1503.24 1503.24
1097 2 8 364 1504.96 1504.96
1098 2 8 369 1502.61 1502.61
1099 2 8 372 1497.03 1497.03
1100 2 8 377 1504.51 1504.51
1101 2 8 414 1504.85 1504.85
1102 2 8 415 1504.75 1504.75
1103 2 8 426 1504.27 1504.27
1104 2 8 429 1498.44 1498.44
1105 2 8 434 1502.79 1502.79
1106 2 8 435 1498.18 1498.18
1107 2 8 438 1495.64 1495.64
1108 2 8 441 1501.66 1501.66
1109 2 8 442 1504.49 1504.49
1110 2 8 444 1499.37 1499.37
1111 2 8 445 1489.75 1489.75
1112 2 8 446 1503.93 1503.93
1113 2 8 457 1503.20 1503.20
1114 2 8 480 1502.09 1502.09
1115 2 8 482 1503.97 1503.97
1116 2 8 499 1497.22 1497.22
1117 2 8 513 1500.62 1500.62
1118 2 8 554 1497.17 1497.17
1119 2 8 575 1499.93 1499.93
1120 2 8 582 1501.27 1501.27
1121 2 8 587 1504.14 1504.14
1122 2 8 588 1503.39 1503.39
1123 2 8 589 1500.20 1500.20
1124 2 8 593 1499.88 1499.88
1125 2 8 595 1502.94 1502.94
1126 2 8 602 1501.06 1501.06
1127 2 8 607 1503.10 1503.10
1128 2 8 608 1503.27 1503.27
1129 2 8 609 1497.07 1497.07
1130 2 8 619 1499.59 1499.59
1131 2 8 620 1502.16 1502.16
1132 2 8 682 1504.02 1504.02
1133 2 9 108 1497.62 1497.62
1134 2 9 188 1503.18 1503.18
1135 2 9 192 1492.83 1492.83
1136 2 9 194 1502.73 1502.73
1137 2 9 202 1497.39 1497.39
1138 2 9 210 1499.29 1499.29
1139 2 10 118 1504.38 1504.38
1140 2 10 147 1504.76 1504.76
1141 2 10 180 1496.86 1496.86
1142 2 11 109 1499.54 1499.54
1143 2 11 147 1503.85 1503.85
1144 2 11 168 1503.97 1503.97
1145 2 11 175 1498.08 1498.08
1146 2 11 184 1498.65 1498.65
1147 2 11 192 1502.06 1502.06
1148 2 11 193 1500.92 1500.92
1149 2 11 194 1504.49 1504.49
1150 2 11 195 1504.98 1504.98
1151 2 11 201 1503.73 1503.73
1152 2 11 235 1504.23 1504.23
1153 2 11 252 1502.53 1502.53
1154 2 11 258 1496.20 1496.20
1155 2 11 260 1502.30 1502.30
1156 2 11 261 1500.06 1500.06
1157 2 11 262 1503.23 1503.23
1158 2 11 266 1499.57 1499.57
1159 2 11 269 1495.50 1495.50
1160 2 11 270 1504.98 1504.98
1161 2 11 276 1501.89 1501.89
1162 2 11 280 1504.74 1504.74
1163 2 11 281 1504.38 1504.38
1164 2 11 282 1492.95 1492.95
1165 2 11 284 1495.84 1495.84
1166 2 11 315 1504.45 1504.45
1167 2 11 330 1504.74 1504.74
1168 2 11 349 1502.74 1502.74
1169 2 11 359 1504.51 1504.51
1170 2 11 383 1504.30 1504.30
1171 2 11 458 1502.43 1502.43
1172 2 11 471 1502.66 1502.66
1173 2 11 481 1491.12 1491.12
1174 2 11 483 1503.78 1503.78
1175 2 11 485 1497.40 1497.40
1176 2 11 497 1498.11 1498.11
1177 2 11 515 1499.36 1499.36
1178 2 11 518 1500.66 1500.66
1179 2 11 520 1495.44 1495.44
1180 2 11 522 1499.10 1499.10
1181 2 11 523 1503.18 1503.18
1182 2 11 525 1502.69 1502.69
1183 2 12 82 1500.07 1500.07
1184 2 12 93 1501.36 1501.36
1185 2 12 155 1504.58 1504.58
1186 2 12 185 1493.50 1493.50
1187 2 12 215 1502.72 1502.72
1188 2 12 237 1500.64 1500.64
1189 2 12 243 1500.09 1500.09
1190 2 12 245 1502.98 1502.98
1191 2 12 297 1502.91 1502.91
1192 2 12 311 1504.53 1504.53
1193 2 12 345 1503.73 1503.73
1194 2 12 349 1501.70 1501.70
1195 2 12 377 1499.12 1499.12
1196 2 12 384 1504.47 1504.47
1197 2 12 424 1502.28 1502.28
1198 2 13 71 1499.18 1499.18
1199 2 13 150 1502.06 1502.06
1200 2 13 183 1503.19 1503.19
1201 2 13 188 1504.62 1504.62
1202 2 13 217 1504.79 1504.79
1203 2 13 284 1502.96 1502.96
1204 2 13 297 1499.07 1499.07
1205 2 13 298 1496.15 1496.15
1206 2 13 313 1502.97 1502.97
1207 2 13 333 1504.24 1504.24
1208 2 13 335 1498.69 1498.69
1209 2 13 337 1504.71 1504.71
1210 2 13 381 1496.37 1496.37
1211 2 13 383 1497.65 1497.65
1212 2 13 396 1504.63 1504.63
1213 2 14 13 1504.39 1504.39
1214 2 14 86 1503.90 1503.90
1215 2 14 120 1504.64 1504.64
1216 2 14 146 1504.22 1504.22
1217 2 14 159 1499.86 1499.86
1218 2 14 164 1502.25 1502.25
1219 2 14 168 1504.83 1504.83
1220 2 14 301 1501.27 1501.27
1221 2 14 340 1503.19 1503.19
1222 2 14 354 1486.76 1486.76
1223 2 14 364 1502.89 1502.89
1224 2 14 367 1502.09 1502.09
1225 2 14 370 1502.25 1502.25
1226 2 14 388 1501.62 1501.62
1227 2 14 391 1501.93 1501.93
1228 2 14 392 1504.13 1504.13
1229 2 14 394 1499.62 1499.62
1230 2 14 395 1503.99 1503.99
1231 2 14 405 1504.40 1504.40
1232 2 14 412 1504.90 1504.90
1233 2 14 416 1496.73 1496.73
1234 2 14 417 1495.27 1495.27
1235 2 14 420 1504.75 1504.75
1236 2 14 423 1502.13 1502.13
1237 2 14 424 1502.20 1502.20
1238 2 14 483 1499.68 1499.68
1239 2 14 520 1504.43 1504.43
1240 2 14 573 1503.99 1503.99
1241 2 14 593 1499.51 1499.51
1242 2 14 598 1500.12 1500.12
1243 2 14 599 1499.82 1499.82
1244 2 14 633 1500.92 1500.92
1245 2 14 638 1504.66 1504.66
1246 2 14 639 1504.44 1504.44
1247 2 14 644 1503.23 1503.23
1248 2 14 703 1501.27 1501.27
1249 2 14 721 1502.35 1502.35
1250 2 14 728 1503.91 1503.91
1251 2 14 729 1499.35 1499.35
1252 2 14 730 1501.10 1501.10
1253 2 14 733 1499.08 1499.08
1254 2 14 734 1499.53 1499.53
1255 2 14 735 1495.24 1495.24
1256 2 14 736 1501.20 1501.20
1257 2 14 758 1499.27 1499.27
1258 2 14 764 1503.06 1503.06
1259 2 14 765 1495.98 1495.98
1260 2 14 769 1502.96 1502.96
1261 2 14 774 1501.76 1501.76
1262 2 14 811 1503.92 1503.92
1263 2 14 818 1504.75 1504.75
1264 2 14 821 1501.51 1501.51
1265 2 14 822 1502.34 1502.34
1266 2 14 824 1492.96 1492.96
1267 2 14 828 1501.05 1501.05
1268 2 14 831 1499.86 1499.86
1269 2 14 834 1503.33 1503.33
1270 2 14 835 1498.57 1498.57
1271 2 14 836 1504.70 1504.70
1272 2 14 837 1500.36 1500.36
1273 2 14 838 1498.13 1498.13
1274 2 14 839 1502.54 1502.54
1275 2 14 842 1504.40 1504.40
1276 2 14 843 1497.50 1497.50
1277 2 14 845 1495.86 1495.86
1278 2 14 846 1500.51 1500.51
1279 2 14 850 1500.09 1500.09
1280 2 14 851 1500.52 1500.52
1281 2 14 854 1503.03 1503.03
1282 2 14 873 1502.77 1502.77
1283 2 14 899 1503.96 1503.96
1284 2 14 910 1497.58 1497.58
1285 2 15 105 1502.93 1502.93
1286 2 15 106 1503.74 1503.74
1287 2 15 107 1500.70 1500.70
1288 2 15 114 1497.73 1497.73
1289 2 15 145 1503.01 1503.01
1290 2 15 170 1502.85 1502.85
1291 2 15 178 1504.31 1504.31
1292 2 15 189 1504.93 1504.93
1293 2 15 207 1499.27 1499.27
1294 2 15 208 1504.19 1504.19
1295 2 16 149 1502.84 1502.84
1296 2 16 150 1504.93 1504.93
1297 2 16 167 1499.69 1499.69
1298 2 16 209 1503.84 1503.84
1299 2 16 215 1500.80 1500.80
1300 2 16 220 1501.85 1501.85
1301 2 16 230 1503.91 1503.91
1302 2 16 233 1498.88 1498.88
1303 2 16 236 1500.35 1500.35
1304 2 16 244 1504.95 1504.95
1305 2 16 247 1502.70 1502.70
1306 2 16 248 1500.11 1500.11
1307 2 16 255 1503.95 1503.95
1308 2 16 258 1501.18 1501.18
1309 2 16 262 1504.23 1504.23
1310 2 16 263 1491.48 1491.48
1311 2 16 270 1502.07 1502.07
1312 2 16 273 1500.32 1500.32
1313 2 16 275 1497.88 1497.88
1314 2 16 278 1503.88 1503.88
1315 2 16 318 1504.28 1504.28
1316 2 16 367 1503.51 1503.51
1317 2 16 368 1498.16 1498.16
1318 2 16 372 1502.03 1502.03
1319 2 16 376 1503.97 1503.97
1320 2 16 391 1500.95 1500.95
1321 2 16 398 1502.25 1502.25
1322 2 16 399 1499.80 1499.80
1323 2 16 410 1499.54 1499.54
1324 2 16 418 1499.98 1499.98
1325 2 16 429 1498.51 1498.51
1326 2 16 439 1503.15 1503.15
1327 2 16 444 1502.39 1502.39
1328 2 16 445 1503.16 1503.16
1329 2 16 447 1502.71 1502.71
1330 2 16 455 1500.16 1500.16
1331 2 16 457 1499.13 1499.13
1332 2 16 462 1497.93 1497.93
1333 2 16 463 1503.89 1503.89
1334 2 16 464 1503.46 1503.46
1335 2 16 468 1503.78 1503.78
1336 2 16 469 1501.65 1501.65
1337 2 16 473 1504.36 1504.36
1338 2 16 493 1495.86 1495.86
1339 2 16 501 1504.22 1504.22
1340 2 16 502 1504.64 1504.64
1341 2 16 507 1504.08 1504.08
1342 2 16 508 1504.12 1504.12
1343 2 16 510 1504.94 1504.94
1344 2 16 511 1501.14 1501.14
1345 2 16 512 1504.25 1504.25
1346 2 16 513 1497.93 1497.93
1347 2 16 514 1503.49 1503.49
1348 2 16 520 1504.77 1504.77
1349 2 16 544 1504.33 1504.33
1350 2 16 633 1498.09 1498.09
1351 2 16 634 1502.63 1502.63
1352 2 16 638 1504.16 1504.16
1353 2 16 639 1499.63 1499.63
1354 2 16 640 1501.77 1501.77
1355 2 16 643 1501.68 1501.68
1356 2 16 644 1499.35 1499.35
1357 2 16 645 1498.70 1498.70
1358 2 16 646 1504.19 1504.19
1359 2 16 648 1497.65 1497.65
1360 2 16 651 1499.77 1499.77
1361 2 16 655 1502.99 1502.99
1362 2 16 658 1503.20 1503.20
1363 2 16 660 1497.31 1497.31
1364 2 16 662 1504.56 1504.56
1365 2 16 666 1499.64 1499.64
1366 2 16 667 1500.13 1500.13
1367 2 16 669 1496.74 1496.74
1368 2 16 670 1492.86 1492.86
1369 2 16 671 1496.36 1496.36
1370 2 16 693 1503.98 1503.98
1371 2 16 706 1503.47 1503.47
1372 2 16 712 1494.02 1494.02
1373 2 16 713 1490.90 1490.90
1374 2 16 799 1504.34 1504.34
1375 2 16 841 1500.63 1500.63
1376 2 16 857 1503.63 1503.63
1377 2 16 873 1502.84 1502.84
1378 2 16 878 1503.42 1503.42
1379 2 16 881 1499.21 1499.21
1380 2 16 886 1503.76 1503.76
1381 2 16 923 1504.76 1504.76
1382 2 17 64 1501.59 1501.59
