1502.15
1501.55
1503.55
1497.38
1504.69
1502.97
1499.39
1504.80
1504.00
1499.67
1499.79
1501.45
1502.10
1501.92
1501.79
1503.51
1499.12
1492.09
1495.76
1503.95
1502.50
1501.99
1501.16
1501.07
1502.95
1496.07
1501.74
1499.80
1501.86
1500.77
1502.27
1498.70
1503.85
1503.80
1504.89
1504.09
1499.25
1504.77
1504.74
1503.21
1496.05
1503.03
1503.69
1500.58
1503.03
1504.26
1500.13
1504.23
1502.61
1504.30
1504.90
1503.64
1504.12
1500.06
1500.89
1500.47
1502.97
1503.49
1501.18
1504.46
1495.54
1500.69
1503.20
1501.73
1503.51
1500.53
1504.66
1503.39
1504.55
1504.19
1503.71
1501.59
1503.34
1503.65
1493.33
1501.81
1499.30
1493.64
1504.69
1500.83
1497.38
1504.50
1502.81
1503.90
1500.70
1503.05
1502.50
1500.89
1496.83
1502.05
1490.66
1501.34
1498.36
1503.91
1499.85
1502.22
1499.34
1502.74
1503.29
1501.11
1503.77
1496.85
1499.99
1501.78
1504.45
1504.18
1497.50
1501.98
1504.24
1503.68
1503.46
1503.40
1504.29
1504.79
1503.41
1504.82
1498.90
1502.18
1502.83
1504.17
1504.32
1497.06
1503.32
1504.19
1504.13
1502.11
1503.32
1504.55
1495.30
1501.85
1502.42
1504.54
1501.89
1502.21
1504.17
1503.82
1504.11
1500.46
1496.95
1491.44
1503.59
1503.21
1503.83
1504.48
1501.74
1499.38
1501.43
1504.50
1504.71
1499.74
1504.69
1499.53
1503.70
1502.35
1501.41
1503.78
1504.98
1500.00
1502.18
1495.88
1500.44
1502.31
1503.19
1498.43
1502.20
1502.77
1498.90
1495.13
1501.72
1500.44
1504.77
1492.78
1499.76
1500.42
1503.53
1499.98
1502.20
1501.33
1504.37
1501.13
1503.73
1503.07
1504.61
1502.35
1503.32
1503.53
1503.24
1504.69
1503.47
1502.73
1494.45
1502.97
1498.14
1504.38
1504.51
1502.39
1502.07
1499.24
1503.44
1504.56
1503.43
1503.79
1504.74
1503.57
1504.56
1500.33
1501.68
1503.36
1503.83
1498.62
1504.13
1504.45
1503.96
1498.68
1500.72
1503.68
1503.13
1503.69
1501.89
1504.07
1499.27
1499.88
1504.76
1503.27
1500.99
1500.00
1500.74
1504.37
1504.42
1501.13
1503.16
1502.75
1502.76
1503.81
1499.69
1504.90
1499.84
1496.62
1503.38
1497.87
1502.35
1502.78
1504.65
1502.71
1498.23
1501.70
1499.67
1503.24
1504.80
1503.03
1497.57
1503.68
1501.29
1502.44
1503.70
1503.32
1502.31
1502.05
1500.99
1499.70
1504.72
1501.61
1495.25
1501.50
1500.50
1491.74
1504.04
1504.22
1498.94
1501.32
1501.07
1503.24
1504.96
1502.61
1497.03
1504.51
1504.85
1504.75
1504.27
1498.44
1502.79
1498.18
1495.64
1501.66
1504.49
1499.37
1489.75
1503.93
1503.20
1502.09
1503.97
1497.22
1500.62
1497.17
1499.93
1501.27
1504.14
1503.39
1500.20
1499.88
1502.94
1501.06
1503.10
1503.27
1497.07
1499.59
1502.16
1504.02
1497.62
1503.18
1492.83
1502.73
1497.39
1499.29
1504.38
1504.76
1496.86
1499.54
1503.85
1503.97
1498.08
1498.65
1502.06
1500.92
1504.49
1504.98
1503.73
1504.23
1502.53
1496.20
1502.30
1500.06
1503.23
1499.57
1495.50
1504.98
1501.89
1504.74
1504.38
1492.95
1495.84
1504.45
1504.74
1502.74
1504.51
1504.30
1502.43
1502.66
1491.12
1503.78
1497.40
1498.11
1499.36
1500.66
1495.44
1499.10
1503.18
1502.69
1500.07
1501.36
1504.58
1493.50
1502.72
1500.64
1500.09
1502.98
1502.91
1504.53
1503.73
1501.70
1499.12
1504.47
1502.28
1499.18
1502.06
1503.19
1504.62
1504.79
1502.96
1499.07
1496.15
1502.97
1504.24
1498.69
1504.71
1496.37
1497.65
1504.63
1504.39
1503.90
1504.64
1504.22
1499.86
1502.25
1504.83
1501.27
1503.19
1486.76
1502.89
1502.09
1502.25
1501.62
1501.93
1504.13
1499.62
1503.99
1504.40
1504.90
1496.73
1495.27
1504.75
1502.13
1502.20
1499.68
1504.43
1503.99
1499.51
1500.12
1499.82
1500.92
1504.66
1504.44
1503.23
1501.27
1502.35
1503.91
1499.35
1501.10
1499.08
1499.53
1495.24
1501.20
1499.27
1503.06
1495.98
1502.96
1501.76
1503.92
1504.75
1501.51
1502.34
1492.96
1501.05
1499.86
1503.33
1498.57
1504.70
1500.36
1498.13
1502.54
1504.40
1497.50
1495.86
1500.51
1500.09
1500.52
1503.03
1502.77
1503.96
1497.58
1502.93
1503.74
1500.70
1497.73
1503.01
1502.85
1504.31
1504.93
1499.27
1504.19
1502.84
1504.93
1499.69
1503.84
1500.80
1501.85
1503.91
1498.88
1500.35
1504.95
1502.70
1500.11
1503.95
1501.18
1504.23
1491.48
1502.07
1500.32
1497.88
1503.88
1504.28
1503.51
1498.16
1502.03
1503.97
1500.95
1502.25
1499.80
1499.54
1499.98
1498.51
1503.15
1502.39
1503.16
1502.71
1500.16
1499.13
1497.93
1503.89
1503.46
1503.78
1501.65
1504.36
1495.86
1504.22
1504.64
1504.08
1504.12
1504.94
1501.14
1504.25
1497.93
1503.49
1504.77
1504.33
1498.09
1502.63
1504.16
1499.63
1501.77
1501.68
1499.35
1498.70
1504.19
1497.65
1499.77
1502.99
1503.20
1497.31
1504.56
1499.64
1500.13
1496.74
1492.86
1496.36
1503.98
1503.47
1494.02
1490.90
1504.34
1500.63
1503.63
1502.84
1503.42
1499.21
1503.76
1504.76
1501.59
