1504.90
1501.70
1504.14
1503.02
1500.81
1501.63
1501.53
1503.83
1504.50
1501.22
1497.33
1502.28
1501.54
1503.22
1503.91
1503.11
1499.26
1502.57
1503.09
1504.20
1500.97
1503.86
1501.92
1503.23
1491.52
1499.03
1504.54
1502.26
1501.65
1498.81
1499.99
1502.33
1502.88
1503.23
1503.76
1503.16
1498.76
1504.65
1499.86
1502.90
1504.96
1500.38
1501.54
1494.44
1504.57
1501.18
1504.42
1501.89
1502.23
1504.53
1501.87
1501.56
1501.34
1504.42
1497.54
1494.28
1502.21
1504.90
1501.45
1503.29
1504.41
1502.56
1503.35
1503.76
1501.76
1502.64
1503.65
1504.43
1503.24
1501.64
1503.11
1498.98
1502.33
1501.69
1501.00
1502.59
1501.66
1500.26
1504.06
1502.17
1501.08
1491.08
1501.33
1503.97
1496.84
1502.49
1501.63
1501.40
1504.68
1504.87
1502.90
1503.88
1501.43
1502.30
1504.14
1503.80
1502.15
1502.12
1500.73
1501.38
1497.47
1501.65
1496.63
1501.16
1504.44
1493.43
1503.01
1504.56
1503.32
1503.59
1501.68
1503.18
1499.64
1504.21
1500.48
1498.93
1504.39
1504.40
1501.13
1504.03
1502.53
1500.16
1504.48
1499.16
1498.29
1503.44
1492.63
1500.34
1502.22
1498.37
1502.99
1497.13
1500.95
1502.88
1498.54
1498.48
1504.96
1504.10
1501.63
1500.28
1499.42
1504.63
1500.65
1495.34
1504.90
1503.82
1504.46
1504.01
1498.54
1493.09
1503.40
1494.78
1498.99
1503.59
1496.93
1502.98
1503.62
1503.07
1501.02
1504.41
1500.73
1502.52
1504.61
1503.40
1500.10
1502.65
1503.51
1502.77
1504.55
1503.79
1503.72
1501.93
1501.70
1504.65
1499.99
1499.09
1489.60
1501.55
1501.00
1499.11
1501.20
1503.26
1501.46
1504.91
1499.56
1500.04
1496.02
1504.02
1501.97
1503.77
1503.81
1499.10
1501.23
1503.80
1504.41
1504.30
1504.39
1492.58
1503.74
1502.88
1502.07
1495.88
1503.28
1502.32
1502.37
1502.47
1503.79
1499.47
1504.45
1497.69
1503.33
1504.44
1502.09
1503.87
1499.61
1499.56
1498.46
1502.69
1500.90
1500.35
1499.20
1504.84
1503.60
1503.26
1497.78
1501.15
1504.55
1503.65
1499.32
1503.00
1495.70
1499.61
1502.73
1500.38
1497.03
1494.72
1497.11
1504.42
1502.91
1502.96
1503.88
1503.35
1500.74
1496.53
1503.45
1499.47
1501.71
1500.70
1502.77
1503.23
1502.75
1498.46
1502.40
1499.48
1504.97
1502.58
1502.63
1501.98
1503.29
1502.65
1500.69
1502.88
1504.71
1504.63
1500.47
1500.69
1501.79
1503.37
1499.24
1500.18
1501.49
1502.05
1504.46
1501.81
1501.27
1501.72
1498.14
1503.68
1503.76
1504.41
1504.38
1504.58
1500.36
1502.90
1501.07
1498.33
1502.51
1502.80
1504.41
1502.32
1495.06
1500.73
1502.12
1504.26
1502.29
1504.30
1503.04
1504.73
1501.68
1500.79
1503.63
1498.21
1504.00
1501.95
1498.76
1503.18
1501.94
1501.57
1495.29
1503.78
1498.24
1497.74
1494.33
1504.79
1497.68
1502.57
1496.63
1503.37
1500.04
1501.87
1498.29
1497.49
1494.45
1499.97
1504.87
1502.76
1502.69
1503.54
1502.45
1502.09
1504.43
1500.70
1499.82
1504.41
1503.44
1502.94
1503.51
1503.41
1504.84
1504.71
1503.09
1504.82
1500.56
1503.76
1504.41
1503.31
1500.50
1500.50
1500.50
1494.23
1501.38
1495.87
1500.29
1502.32
1503.56
1504.74
1503.74
1504.72
1500.89
1503.98
1504.20
1504.55
1499.44
1504.44
1500.18
1500.94
1504.27
1502.85
1503.30
1503.30
1504.05
1504.28
1499.24
1502.10
1497.32
1504.02
1503.71
1504.26
1503.60
1502.79
1501.74
1502.02
1491.91
1502.77
1501.80
1504.84
1503.83
1493.39
1504.75
1500.28
1502.07
1503.48
1501.75
1503.06
1498.54
1504.71
1504.55
1504.66
1503.46
1501.20
1497.20
1502.52
1503.76
1494.08
1504.65
1501.31
1504.22
1502.42
1499.28
1503.28
1504.07
1501.13
1501.97
1497.51
1503.35
1499.88
1503.02
1502.74
1501.66
1502.43
1501.42
1503.22
1503.39
1504.69
1504.21
1504.20
1500.81
1500.11
1502.41
1501.04
1504.34
1499.29
1501.19
1504.65
1501.81
1504.50
1502.77
1503.60
1502.96
1504.69
1504.79
1499.91
1497.17
1503.87
1504.38
1504.44
1503.90
1495.44
1500.16
1503.74
1503.68
1504.76
1502.63
1503.12
1501.37
1504.25
1501.48
1500.33
1501.17
1497.54
1504.55
1500.23
1502.66
1500.36
1504.29
1504.95
1493.97
1504.19
1504.25
1503.15
1503.48
1504.00
1503.47
1499.98
1494.27
1502.81
1498.16
1501.58
1504.33
1500.97
1504.77
1503.91
1503.02
1502.81
1501.27
1498.21
1503.78
1499.56
1499.49
1503.08
1501.27
1503.84
1503.03
1504.90
1502.15
1499.06
1501.03
1500.07
1501.53
1503.82
1504.31
1502.44
1499.56
1502.93
1503.58
1502.50
1502.61
1501.90
1495.96
1503.57
1503.25
1504.59
1498.06
1502.73
1502.83
1498.50
1501.86
1501.84
1504.74
1502.55
1504.84
1499.13
1502.74
1504.89
1504.25
1501.17
1504.20
1499.09
1500.52
1504.65
1501.15
1503.21
1504.31
1497.88
1503.73
1504.05
1503.56
1500.32
1504.47
1500.91
1501.60
1503.45
1502.29
1501.40
1501.34
1500.88
1502.31
1502.63
1490.18
1502.57
1499.04
1501.31
1497.88
1501.22
1501.05
1503.28
1503.55
1503.30
1504.00
1503.90
1502.56
1498.70
1498.28
1504.56
1499.54
1502.81
1501.11
1504.87
1501.87
1496.34
1503.09
1500.52
1489.78
1499.88
1504.52
1500.63
1497.78
1504.05
1497.51
1504.32
1498.15
1503.95
1496.91
1503.41
1498.07
1504.38
1504.33
1502.95
1499.84
1504.47
1501.97
1504.85
1503.81
1502.87
1503.39
1498.23
1504.04
1499.27
1503.72
1500.18
1504.86
1504.89
1496.17
1502.53
1501.93
1504.75
1503.64
1503.40
1503.33
1503.17
1499.10
1501.94
1504.37
1500.51
1503.77
1499.50
1499.84
1504.65
1497.52
1499.91
1500.49
1502.61
1500.04
1495.65
1501.95
1503.72
1501.57
1502.87
1498.26
1497.47
1501.75
1499.30
1496.90
1501.60
1504.99
1502.80
1504.03
1502.02
1501.03
1504.56
1498.41
1504.48
1499.58
1504.86
1504.11
1504.86
1502.37
1504.74
1504.80
1501.94
1500.66
1493.77
1498.01
1503.72
1504.76
1499.89
1503.20
1504.72
1502.73
1503.13
1503.56
1504.62
1503.22
1504.40
1504.99
1504.06
1503.27
1500.53
1502.03
1502.56
1500.74
1502.99
1503.80
1504.74
1504.83
1504.92
1501.23
1504.60
1500.19
1502.14
1503.27
1504.50
1504.35
1504.59
1495.71
1503.34
1504.59
1499.17
1498.80
1499.73
1504.65
1501.33
1501.96
1501.44
1504.82
1504.48
1499.78
1500.68
1503.16
1504.71
1503.65
1503.66
1502.20
1498.07
1504.32
1503.63
1502.67
1502.70
1503.74
1504.48
1504.27
1497.55
1502.22
1501.37
1503.70
1503.99
1504.93
1504.50
1500.91
1498.20
1500.17
1504.04
1504.70
1501.72
1502.92
1495.11
1501.69
1502.79
1503.35
1500.70
1504.39
1504.52
1503.86
1504.33
1500.49
1494.60
1502.59
1497.84
1504.14
1494.04
1501.22
1497.46
1496.45
1504.95
1496.20
1503.01
1498.95
1498.16
1503.97
1503.56
1503.43
1504.14
1504.84
1504.78
1501.27
1503.50
1501.28
1503.41
1500.28
1503.64
1503.05
1501.29
1502.38
1504.11
1503.03
1501.72
1500.99
1498.06
1504.18
1501.70
1501.69
1504.09
1503.28
1499.50
1494.80
1501.98
1494.15
1499.72
1501.67
1503.13
1492.84
1503.06
1503.24
1500.49
1504.61
1502.84
1494.73
1501.08
1495.49
1500.72
1500.12
1503.90
1498.71
1504.63
1503.19
1500.91
1503.10
1499.96
1500.23
1502.52
1504.21
1504.92
1501.14
1498.77
1503.64
1504.89
1496.86
1501.23
1502.10
1493.67
1501.28
1504.76
1498.39
1503.22
1502.14
1504.39
1498.04
1500.04
1504.98
1503.10
1502.91
1504.58
1502.98
1503.03
1501.05
